Electric field
Normalized
-0.00203904067740418
-0.00203904067740418
-0.00148724719902788
-0.00167117218692139
-0.00185510334638015
-0.00167117218692139
-0.00148724719902788
-0.00167117218692139
-0.00203904067740418
-0.00185510334638015
-0.00259082181264995
-0.00222296566529768
-0.00203904067740418
-0.00167117218692139
-0.00148724719902788
-7.51541075888601E-4
-9.35466063782106E-4
-5.67609916429835E-4
-3.83678756971069E-4
-0.00111939105167561
-7.51541075888601E-4
-5.67609916429835E-4
-5.67609916429835E-4
-7.51541075888601E-4
-3.83678756971069E-4
-1.99753769077564E-4
-1.99753769077564E-4
-1.99753769077564E-4
3.52031069107368E-4
1.68102378274707E-4
-1.99753769077564E-4
-1.58287811840589E-5
-1.99753769077564E-4
-1.99753769077564E-4
-1.99753769077564E-4
3.52031069107368E-4
5.35957908470451E-4
1.68102378274707E-4
1.68102378274707E-4
3.52031069107368E-4
7.19886599303113E-4
7.19886599303113E-4
5.35957908470451E-4
1.68102378274707E-4
-1.99753769077564E-4
-5.67609916429835E-4
-0.00111939105167561
-9.35466063782106E-4
-7.51541075888601E-4
-0.00111939105167561
-9.35466063782106E-4
-0.00130332221113438
-0.00111939105167561
-0.00130332221113438
-0.00148724719902788
-0.00185510334638015
-0.00148724719902788
-0.00148724719902788
-0.00111939105167561
-0.00130332221113438
-0.00130332221113438
-0.00111939105167561
-7.51541075888601E-4
-3.83678756971069E-4
-1.99753769077564E-4
3.52031069107368E-4
0.00108774274665538
0.00163952696768379
0.00200738311503606
0.00237523926238833
0.00237523926238833
0.00182345812714256
0.00292702039763411
0.00329487654498638
0.00403059501125618
0.00384667002336268
0.00403059501125618
0.00366273269233865
0.00347880153287988
0.00292702039763411
0.00292702039763411
0.00237523926238833
0.00182345812714256
0.00145559827685113
0.00145559827685113
7.19886599303113E-4
3.52031069107368E-4
-1.99753769077564E-4
-7.51541075888601E-4
-0.00130332221113438
-0.00167117218692139
-0.00277474680054346
-0.00314260294789573
-0.00314260294789573
-0.00387830907103501
-0.00369438408314151
-0.00369438408314151
-0.00351045292368274
-0.00314260294789573
-0.00295867178843697
-0.00295867178843697
-0.00314260294789573
-0.00314260294789573
-0.00295867178843697
-0.00277474680054346
-0.00222296566529768
-0.00148724719902788
-0.00130332221113438
-7.51541075888601E-4
-1.99753769077564E-4
5.35957908470451E-4
9.03814672979248E-4
0.00145559827685113
0.00200738311503606
0.00237523926238833
0.00237523926238833
0.0025591704218471
0.0027430954097406
0.00347880153287988
0.00403059501125618
0.00495023229385423
0.00495023229385423
0.00495023229385423
0.00476630113439546
0.00495023229385423
0.00495023229385423
0.00495023229385423
0.00495023229385423
0.00439845115860845
0.00439845115860845
0.00439845115860845
0.00384667002336268
0.00384667002336268
0.00403059501125618
0.00366273269233865
0.00366273269233865
0.00347880153287988
0.0027430954097406
0.00182345812714256
0.00163952696768379
0.00127167143748805
0.00108774274665538
9.03814672979248E-4
0.00108774274665538
9.03814672979248E-4
0.00108774274665538
0.00127167143748805
0.00127167143748805
0.00127167143748805
0.00163952696768379
0.00200738311503606
0.00219130810292957
0.00219130810292957
0.00237523926238833
0.00329487654498638
0.00439845115860845
0.00531808226964124
0.00586986340488701
0.0067895253737461
0.00715740003579415
0.00734131268055714
0.00807702497526168
0.00881273726996622
0.00918056255949219
0.00973236220943375
0.0106519871489013
0.0113876994436058
0.0121234117383104
0.0132270110381935
0.014330548622424
0.0150662609171285
0.0158019732118331
0.0165376855065376
0.0167215981513006
0.0170894851564792
0.0180091100959467
0.0191126476801772
0.0202162469800603
0.0213197845642908
0.0222394095037583
0.0227912091536999
0.0235269214484045
0.0237108340931674
0.0244466698191772
0.0248144951087032
0.0246305824639402
0.0246305824639402
0.0253662947586447
0.0249984077534661
0.0246305824639402
0.0238947467379304
0.024078721098346
0.0235269214484045
0.0226072965089369
0.0218715842142324
0.0202162469800603
0.0189287350354142
0.0176412848064207
0.0156180605670701
0.0135948363277194
0.0115716120883688
0.00862876290955063
0.00568593841699351
0.00219130810292957
-0.00222296566529768
-0.00700510792400773
-0.0127068936368811
-0.0191443299288064
-0.0266854272362674
-0.0358817383465952
-0.046181833903764
-0.0572174566086795
-0.0702765504155561
-0.0860942721782249
-0.103199382454234
-0.123431624847741
-0.146974294846981
-0.173827392451955
-0.202704763462374
-0.234156294342948
-0.266895213736863
-0.302945177893039
-0.340281913406029
-0.377436587743834
-0.411647425452379
-0.442547218398665
-0.468664665424587
-0.49055212162096
-0.504898542225525
-0.508392882476021
-0.501403584818502
-0.48172369751581
-0.450272166635236
-0.407416817466304
-0.35131790640486
-0.284735974591925
-0.208774497896078
-0.117729715703562
-0.0147300561605791
0.092499717643258
0.207271082479777
0.327375914014422
0.450423965021802
0.56427514947798
0.663044879907067
0.750779851650375
0.834281129624978
0.903988959242358
0.955305524383438
0.987860531132591
1
0.990434073846221
0.957700091704514
0.908957069277062
0.842742345597128
0.759611361538155
0.663044879907067
0.552503505900096
0.434606243259133
0.31045409922665
0.185015183837352
0.0636235809458913
-0.0579531689033841
-0.163527667188702
-0.255124187315506
-0.335500184642191
-0.401714908322126
-0.44990434134571
-0.48356282396344
-0.500851846884213
-0.50250706068708
-0.491103859555249
-0.469216403358875
-0.437029221899249
-0.399324043940207
-0.354812246655356
-0.308278644591165
-0.260641566658396
-0.213924051949442
-0.170884790135747
-0.13409917540052
-0.102831557164709
-0.0776330562060755
-0.0588727938428516
-0.0456299108225173
-0.0368014250017154
-0.0327549765230141
-0.031099639288842
-0.0323871512334881
-0.0351460260518907
-0.0382727878754718
-0.0406638374043484
-0.0423191746385205
-0.0423191746385205
-0.0406638374043484
-0.0369853376464783
-0.0318353515835466
-0.0255818279363842
-0.0184086176341018
-0.011235469047472
-0.00369438408314151
0.00366273269233865
0.00991627485419673
0.0148823482723655
0.0189287350354142
0.0213197845642908
0.0220554968589954
0.0218715842142324
0.0204001596248233
0.0180091100959467
0.0152502352775441
0.0121234117383104
0.00862876290955063
0.00495023229385423
0.00237523926238833
-1.99753769077564E-4
-0.00148724719902788
-0.00240689065319119
-0.00259082181264995
-0.00203904067740418
-5.67609916429835E-4
0.00127167143748805
0.0027430954097406
0.00366273269233865
0.00476630113439546
0.00531808226964124
0.00513415728174773
0.00439845115860845
0.0027430954097406
0.00108774274665538
-0.00167117218692139
-0.00406223405892852
-0.00663722091882915
-0.00958007009764732
-0.0123390066317025
-0.0143622308710531
-0.0154657684552837
-0.0169371930446927
-0.0180407306289232
-0.0180407306289232
-0.0178568179841603
-0.0162014807499882
-0.0136265185763486
-0.0106836076818778
-0.00774082021871227
-0.00461401519417429
-7.51541075888601E-4
0.00237523926238833
0.0055020134291
0.00752522532532012
0.00973236220943375
0.0115716120883688
0.0126752113882519
0.013962723332898
0.0145145229828396
0.014330548622424
0.014330548622424
0.013962723332898
0.0128591857486675
0.0108358997936643
0.00918056255949219
0.0078931123304987
0.0055020134291
0.0027430954097406
0.00108774274665538
-7.51541075888601E-4
-0.00203904067740418
-0.00295867178843697
-0.00369438408314151
-0.00461401519417429
-0.00479794635363306
-0.00498189602778761
-0.00461401519417429
-0.00406223405892852
-0.00351045292368274
-0.00259082181264995
-0.00167117218692139
-7.51541075888601E-4
3.52031069107368E-4
0.00163952696768379
0.00219130810292957
0.0027430954097406
0.00292702039763411
0.0027430954097406
0.00145559827685113
7.19886599303113E-4
-1.58287811840589E-5
-9.35466063782106E-4
-0.00167117218692139
-0.00222296566529768
-0.00259082181264995
-0.00332652793578924
-0.00387830907103501
-0.00369438408314151
-0.00369438408314151
-0.00406223405892852
-0.00387830907103501
-0.00314260294789573
-0.00277474680054346
-0.00130332221113438
-3.83678756971069E-4
5.35957908470451E-4
0.00200738311503606
0.00384667002336268
0.00513415728174773
0.00642164454013279
0.00807702497526168
0.0089966499147292
0.00973236220943375
0.00991627485419673
0.0101001874989597
0.00973236220943375
0.00973236220943375
0.00936447520425517
0.00844485026478765
0.00715740003579415
0.00568593841699351
0.00421451999914969
0.00200738311503606
-3.83678756971069E-4
-0.00259082181264995
-0.00461401519417429
-0.00718902056877071
-0.00902827044770576
-0.0101318697475889
-0.011235469047472
-0.0117872069817609
-0.0119711813421765
-0.011603294336998
-0.011051556402709
-0.0097639827424103
-0.00884435780294278
-0.00700510792400773
-0.00479794635363306
-0.00240689065319119
1.68102378274707E-4
0.0025591704218471
0.00513415728174773
0.0078931123304987
0.00991627485419673
0.0121234117383104
0.013778810688135
0.0145145229828396
0.0152502352775441
0.0154341479223071
0.0150662609171285
0.0146984356276026
0.0134109236829565
0.0119394990935474
0.00991627485419673
0.00807702497526168
0.00605379456434578
0.00366273269233865
0.00145559827685113
-0.00111939105167561
-0.00351045292368274
-0.00590150862412461
-0.00755684585829668
-0.00921224480812135
-0.0097639827424103
-0.0104996950371148
-0.0106836076818778
-0.00994789538717329
-0.00884435780294278
-0.00755684585829668
-0.00645330827406617
-0.00516582101568111
-0.00387830907103501
-0.00222296566529768
-7.51541075888601E-4
9.03814672979248E-4
0.00237523926238833
0.00403059501125618
0.00531808226964124
0.00623771955223928
0.0067895253737461
0.00715740003579415
0.00660557569959155
0.00642164454013279
0.00568593841699351
0.00531808226964124
0.00403059501125618
0.00292702039763411
0.00182345812714256
9.03814672979248E-4
7.19886599303113E-4
-1.99753769077564E-4
-1.99753769077564E-4
-5.67609916429835E-4
-5.67609916429835E-4
-5.67609916429835E-4
-3.83678756971069E-4
1.68102378274707E-4
9.03814672979248E-4
0.00127167143748805
0.00200738311503606
0.00311095155709287
0.00403059501125618
0.00495023229385423
0.00495023229385423
0.00531808226964124
0.00531808226964124
0.00476630113439546
0.00366273269233865
0.0025591704218471
0.00200738311503606
0.00127167143748805
-1.99753769077564E-4
-7.51541075888601E-4
-0.00148724719902788
-0.00240689065319119
-0.00314260294789573
-0.00387830907103501
-0.00461401519417429
-0.00498189602778761
-0.00571759597936163
-0.00626939562930318
-0.0060854829845402
-0.0060854829845402
-0.0060854829845402
-0.00553368333459864
-0.00461401519417429
-0.00369438408314151
-0.00314260294789573
-0.00185510334638015
-9.35466063782106E-4
-1.99753769077564E-4
7.19886599303113E-4
0.00182345812714256
0.0027430954097406
0.00329487654498638
0.00384667002336268
0.00458237614650196
0.00458237614650196
0.00495023229385423
0.00476630113439546
0.00384667002336268
0.00311095155709287
0.0025591704218471
0.00108774274665538
1.68102378274707E-4
-7.51541075888601E-4
-0.00203904067740418
-0.00240689065319119
-0.00259082181264995
-0.00332652793578924
-0.00332652793578924
-0.00259082181264995
-0.00222296566529768
-0.00203904067740418
-0.00148724719902788
-0.00111939105167561
-3.83678756971069E-4
3.52031069107368E-4
9.03814672979248E-4
0.00145559827685113
0.00182345812714256
0.00219130810292957
0.0027430954097406
0.00237523926238833
0.00200738311503606
0.00163952696768379
0.00127167143748805
7.19886599303113E-4
-1.58287811840589E-5
-0.00111939105167561
-0.00148724719902788
-0.00240689065319119
-0.00240689065319119
-0.00277474680054346
-0.00332652793578924
-0.00351045292368274
-0.00369438408314151
-0.00424616521838728
-0.00443009020628079
-0.00406223405892852
-0.00387830907103501
-0.00314260294789573
-0.00222296566529768
-0.00148724719902788
-7.51541075888601E-4
7.19886599303113E-4
0.00237523926238833
0.00329487654498638
0.00439845115860845
0.00495023229385423
0.00568593841699351
0.00586986340488701
0.00642164454013279
0.00660557569959155
0.00660557569959155
0.00660557569959155
0.00623771955223928
0.00568593841699351
0.00495023229385423
0.00384667002336268
0.0027430954097406
0.00127167143748805
1.68102378274707E-4
-0.00111939105167561
-0.00203904067740418
-0.00314260294789573
-0.00351045292368274
-0.00369438408314151
-0.00424616521838728
-0.00424616521838728
-0.00406223405892852
-0.00443009020628079
-0.00443009020628079
-0.00443009020628079
-0.00424616521838728
-0.00424616521838728
-0.00369438408314151
-0.00314260294789573
-0.00259082181264995
-0.00203904067740418
-0.00167117218692139
-0.00111939105167561
-3.83678756971069E-4
7.19886599303113E-4
0.00108774274665538
0.00127167143748805
0.00127167143748805
0.00145559827685113
0.00127167143748805
0.00200738311503606
0.0027430954097406
0.0025591704218471
0.00237523926238833
0.00237523926238833
0.00200738311503606
0.00163952696768379
5.35957908470451E-4
1.68102378274707E-4
-5.67609916429835E-4
-0.00111939105167561
-0.00148724719902788
-0.00148724719902788
-0.00148724719902788
-9.35466063782106E-4
-7.51541075888601E-4
-1.99753769077564E-4
5.35957908470451E-4
0.00145559827685113
0.00200738311503606
0.00219130810292957
0.0027430954097406
0.00311095155709287
0.00384667002336268
0.00384667002336268
0.00403059501125618
0.00439845115860845
0.00458237614650196
0.00403059501125618
0.00329487654498638
0.00292702039763411
0.00219130810292957
0.00145559827685113
9.03814672979248E-4
1.68102378274707E-4
-5.67609916429835E-4
-7.51541075888601E-4
-0.00111939105167561
-0.00130332221113438
-0.00111939105167561
-0.00167117218692139
-0.00148724719902788
-0.00203904067740418
-0.00185510334638015
-0.00222296566529768
-0.00203904067740418
-0.00111939105167561
-7.51541075888601E-4
3.52031069107368E-4
0.00145559827685113
0.0027430954097406
0.00347880153287988
0.00439845115860845
0.00568593841699351
0.00623771955223928
0.00697345036163961
0.00770913797008311
0.00807702497526168
0.00844485026478765
0.00881273726996622
0.00862876290955063
0.00826093762002466
0.0078931123304987
0.00752522532532012
0.00715740003579415
0.00586986340488701
0.00495023229385423
0.00439845115860845
0.00366273269233865
0.00311095155709287
0.0027430954097406
0.00237523926238833
0.00219130810292957
0.00182345812714256
0.00145559827685113
0.00145559827685113
